Seed, (Total Reds: N[IJLOSTZ], Total Yellows: M[IJLOSTZ])
20689311 (32: 4 2 8 6 3 6 3, 19: 1 1 2 1 2 9 3)
21285976 (34: 4 3 8 5 3 6 5, 19: 1 1 3 1 2 8 3)
42484014 (33: 4 3 6 5 3 7 5, 19: 1 1 4 1 1 9 2)
48885392 (32: 4 2 7 5 4 7 3, 20: 1 1 3 1 2 9 3)
56867413 (32: 4 2 6 5 3 8 4, 20: 1 1 3 1 2 9 3)
63720279 (32: 4 4 6 4 4 7 3, 19: 1 1 3 1 2 8 3)
68486455 (32: 5 3 5 4 3 7 5, 19: 1 1 4 1 1 8 3)
84363439 (33: 6 2 5 3 4 8 5, 21: 1 1 4 1 2 8 4)
123169064 (34: 5 3 6 6 3 8 3, 19: 1 1 3 1 2 9 2)
129179207 (32: 6 2 4 4 3 8 5, 20: 1 1 4 1 2 9 2)
198294737 (32: 5 3 4 6 3 7 4, 21: 1 1 4 1 1 10 3)
234186178 (32: 4 4 7 5 3 5 4, 19: 1 1 4 1 1 8 3)
238729975 (33: 4 2 7 7 4 5 4, 20: 1 1 4 1 2 7 4)
241617588 (33: 5 3 4 4 3 8 6, 19: 1 1 3 1 2 8 3)
296106560 (32: 6 3 7 5 3 4 4, 19: 1 1 3 1 2 8 3)
319073926 (33: 4 4 5 4 4 7 5, 19: 1 1 3 1 1 9 3)
357054175 (33: 5 2 4 6 4 8 4, 19: 1 1 3 1 1 8 4)
379456420 (32: 5 3 8 4 3 5 4, 19: 1 1 3 1 2 8 3)
411587934 (32: 4 2 6 3 3 9 5, 19: 1 1 4 1 2 8 2)
422147808 (34: 4 3 6 5 4 8 4, 19: 1 1 4 1 2 6 4)
430953191 (32: 4 2 6 4 3 8 5, 20: 1 1 3 1 2 9 3)
441915872 (33: 4 2 8 5 4 7 3, 19: 1 1 4 1 2 7 3)
446749836 (32: 4 2 8 4 3 8 3, 19: 1 1 3 1 2 8 3)
482202432 (32: 4 2 5 6 3 9 3, 19: 1 1 3 1 2 7 4)
482965671 (32: 4 2 4 6 4 8 4, 19: 1 1 3 1 1 9 3)
499795966 (34: 4 2 7 5 3 7 6, 19: 1 1 3 1 2 7 4)
587364396 (32: 6 2 6 4 3 9 2, 20: 1 1 4 1 1 9 3)
603666352 (32: 4 2 9 4 3 6 4, 19: 1 1 4 1 2 8 2)
623332279 (34: 4 2 8 5 3 8 4, 20: 1 1 4 1 1 8 4)
642137587 (32: 4 4 7 4 3 8 2, 19: 1 1 3 1 1 9 3)
683005838 (32: 4 3 8 4 3 7 3, 19: 1 1 4 1 2 7 3)
694734704 (32: 4 2 9 4 3 7 3, 20: 1 1 4 1 2 8 3)
709341527 (32: 5 2 6 4 3 9 3, 19: 1 1 3 1 1 9 3)
747510623 (32: 4 3 5 4 3 8 5, 19: 1 1 4 1 1 8 3)
804588545 (32: 4 3 7 5 3 6 4, 19: 1 1 4 1 1 8 3)
851724135 (32: 6 2 5 2 3 10 4, 19: 1 1 3 1 1 8 4)
919466384 (32: 4 3 8 6 3 6 2, 19: 1 1 3 1 2 9 2)
946570887 (32: 5 2 6 4 3 10 2, 19: 1 1 3 1 1 8 4)
949860046 (33: 5 4 7 4 3 6 4, 20: 1 1 4 1 1 9 3)
964054773 (33: 4 2 6 5 3 10 3, 19: 1 1 3 1 2 8 3)
985901543 (32: 4 2 8 6 3 4 5, 19: 1 1 3 1 1 9 3)
1043071638 (32: 4 4 4 5 3 9 3, 19: 1 1 3 1 2 7 4)
1061318048 (32: 5 2 10 5 3 4 3, 19: 1 1 3 1 2 7 4)
1070680686 (33: 5 3 7 4 4 5 5, 20: 1 1 3 1 2 9 3)
1098798263 (32: 4 3 5 5 3 7 5, 19: 1 1 4 1 2 7 3)
1150080932 (33: 4 2 7 5 3 7 5, 19: 1 1 2 1 2 8 4)
1160084892 (32: 5 2 5 6 4 6 4, 20: 1 1 2 1 1 10 4)
1199103831 (32: 4 2 5 6 3 9 3, 20: 1 1 4 1 1 9 3)
1217409045 (33: 4 4 7 5 3 7 3, 19: 1 1 3 1 2 7 4)
1222758199 (32: 6 4 7 4 3 4 4, 19: 1 1 3 1 1 8 4)
1246397079 (32: 5 4 6 5 3 6 3, 19: 1 1 3 1 1 8 4)
1289482639 (34: 6 2 5 5 4 8 4, 19: 1 1 2 1 1 9 4)
1303016693 (33: 4 4 8 3 3 8 3, 19: 1 1 4 1 2 7 3)
1303884972 (33: 6 4 6 2 4 7 4, 19: 1 1 4 1 2 8 2)
1308359631 (32: 5 2 6 4 3 7 5, 19: 1 1 3 1 2 7 4)
1315739727 (32: 5 2 7 4 3 7 4, 20: 1 1 4 1 2 9 2)
1333584094 (32: 5 3 7 5 3 7 2, 19: 1 1 3 1 2 7 4)
1337042037 (35: 5 2 9 5 4 7 3, 19: 1 1 3 1 2 8 3)
1349641612 (32: 5 2 6 4 4 7 4, 19: 1 1 2 1 2 8 4)
1367831496 (33: 4 2 5 5 4 8 5, 19: 1 1 4 1 2 7 3)
1379969222 (32: 5 3 8 3 3 7 3, 19: 1 1 4 1 2 8 2)
1416987575 (33: 4 3 9 5 3 6 3, 19: 1 1 2 1 1 10 3)
1431480181 (32: 4 3 8 3 3 8 3, 19: 1 1 3 1 2 7 4)
1443660119 (33: 5 3 4 3 3 11 4, 19: 1 1 3 1 2 7 4)
1470941285 (33: 5 3 6 6 3 7 3, 19: 1 1 3 1 2 9 2)
1553766626 (33: 5 2 7 5 3 7 4, 19: 1 1 2 1 2 8 4)
1582864080 (33: 4 4 9 3 3 8 2, 19: 1 1 3 1 2 8 3)
1594204655 (33: 5 4 6 4 3 7 4, 19: 1 1 3 1 2 8 3)
1597384847 (32: 4 4 4 4 4 8 4, 20: 1 1 3 1 2 8 4)
1627603152 (32: 4 2 7 2 3 9 5, 19: 1 1 3 1 2 7 4)
1658986159 (32: 5 2 8 3 3 8 3, 19: 1 1 2 1 2 8 4)
1659415335 (32: 4 2 7 5 4 5 5, 19: 1 1 3 1 2 9 2)
1669881478 (33: 5 2 7 6 4 7 2, 19: 1 1 2 1 2 10 2)
1673919375 (32: 4 3 7 6 3 6 3, 20: 1 1 4 1 2 8 3)
1693537780 (33: 4 3 9 4 3 6 4, 19: 1 1 4 1 2 7 3)
1760815375 (32: 4 3 6 6 3 7 3, 19: 1 1 3 1 2 7 4)
1771291263 (33: 5 3 6 4 3 7 5, 19: 1 1 2 1 2 9 3)
1829892909 (32: 4 4 5 3 3 11 2, 19: 1 1 3 1 1 8 4)
1868321711 (32: 4 4 6 5 3 7 3, 19: 1 1 4 1 1 7 4)
1892221738 (33: 5 2 8 5 4 6 3, 19: 1 1 2 1 2 8 4)
1899430490 (32: 5 4 4 4 3 10 2, 20: 1 1 4 1 2 9 2)
1981740039 (32: 5 2 5 5 3 7 5, 19: 1 1 4 1 1 9 2)
2000804935 (32: 4 4 6 2 3 8 5, 19: 1 1 4 1 1 9 2)
2003542240 (32: 5 3 6 6 4 6 2, 19: 1 1 3 1 1 9 3)
2034157529 (32: 4 2 8 7 3 6 2, 20: 1 1 2 1 1 10 4)
2090942368 (32: 5 2 5 5 4 6 5, 19: 1 1 4 1 2 7 3)
2125689654 (34: 4 3 7 3 3 8 6, 19: 1 1 3 1 2 9 2)
